20140918
20140917
20140916
20140915
20140717
20140716
20140715
20140714
20140703
20140702
20140701
20140417
20140416
20140415
20140414
20140403
20140402
20140313
20140312
20140311
20140310
20140227
20140226
20140225
20140224
20140206
20140205
20140204
20140203
20140116
20140115
20140114
20140113
20131212
20131211
20131210
20131209
20131121
20131120
20131119
20131118
20131024
20131023
20131022
20131021
20131010
20131009
20131008
20131007
20130912
20130911
20130910
20130909
20130704
20130703
20130702
20130701
20130613
20130612
20130611
20130610
20130523
20130522
20130521
20130520
20130418
20130417
20130416
20130415
20130314
20130313
20130312
20130311
20130207
20130206
20130205
20130204
20130117
20130116
20130115
20130114
20121213
20121212
20121211
20121210
20121122
20121121
20121120
20121119
20121026
20121025
20121023
20121022
20120913
20120912
20120911
20120910
20120705
20120704
20120703
20120702
20120614
20120613
20120612
20120611
20120524
20120523
20120522
20120521
20120510
20120509
20120420
20120419
20120418
20120417
20120329
20120328
20120315
20120314
20120313
20120312
20120216
20120215
20120214
20120213
20120202
20120201
20120119
20120118
20120117
20120116